FF FF 01 00 00 00 00 00 00 00 00 00 00 00 00 64 00 01 00 00 00 00 00 00 00 00 00 00 00 07 44 43
56 54 45 53 54 00 00 00 00 00 00 00 00 00 00 00 00 00 00 00 00 00 00 00 00 00 00 00 00 00 00 00
00 00 00 00 00 00 00 00 00 00 00 00 00 00 00 00 00 00 00 00 00 00 00 00 00 00 00 00 00 00 00 00
00 00 00 00 00 00 00 00 00 00 00 00 00 00 00 00 00 00 00 00 00 00 00 00 00 00 00 00 00 00 00 00
00 00 00 00 00 00 00 00 00 00 00 00 00 00 00 00 00 00 00 00 00 00 00 00 00 00 00 00 00 00 00 00
00 00 00 00 00 00 00 00 00 00 00 00 00 00 00 00 00 00 00 00 00 00 00 00 00 00 00 00 00 00 00 00
00 00 00 00 00 00 00 00 00 00 00 00 00 00 00 00 00 00 00 00 00 00 00 00 00 00 00 00 00 00 00 00
00 00 00 00 00 00 00 00 00 00 00 00 00 00 00 00 00 00 00 00 00 00 00 00 00 00 00 00 00 00 00 00
00 00 00 00 00 00 00 00 00 00 00 00 00 00 00 00 00 00 00 00 00 00 00 00 00 00 00 00 00 00 00 00
00 00 00 00 00 00 00 00 00 00 00 00 00 00 00 00 00 00 00 00 00 00 00 00 00 00 00 00 00 00 00 00
00 00 00 00 00 00 00 00 00 00 00 00 00 00 00 00 00 00 00 00 00 00 00 00 00 00 00 00 00 00 00 00
00 00 00 00 00 00 00 00 00 00 00 00 00 00 00 00 00 00 00 00 00 00 00 00 00 00 00 00 00 00 00 00
00 00 00 00 00 00 00 00 00 00 00 00 00 00 00 00 00 00 00 00 00 00 00 00 00 00 00 00 00 00 00 00
00 00 00 00 00 00 00 00 00 00 00 00 00 00 00 00 00 00 00 00 00 00 00 00 00 00 00 00 00 00 00 00
00 00 00 00 00 00 00 00 00 00 00 00 00 00 00 00 00 00 00 00 00 00 00 00 00 00 00 00 00 00 00 00
00 00 00 00 00 00 00 00 00 00 00 00 00 00 00 00 00 00 00 00 00 00 00 00 00 00 00 00 00 00 00 00
3F 01 0C 54 69 74 6C 65 20 73 63 72 65 65 6E 00 00 00 00 00 00 00 00 00 00 00 00 00 00 00 00 00
00 00 00 00 00 06 0E 00 90 00 00 AF 4C 04 0F 02 12 B4 00 00 55 3D 16 0E 3A 00 00 02 16 0E 3A 00
00 02 16 0E 3A 00 00 02 16 0E 3A 00 00 02 16 0E 3A 00 00 02 16 0E 3A 00 00 02 16 0E 3A 00 00 02
16 0E 3A 00 00 02 16 0E 3A 00 00 02 16 0E 3A 00 00 02 16 0E 1C 00 00 01 04 00 1D 00 00 02 16 0E
3A 00 00 02 16 0E 3A 00 00 02 16 0E 3A 00 00 02 16 0E 3A 00 00 02 16 0E 3A 00 00 02 16 0E 3A 00
00 02 16 0E 3A 00 00 02 16 0E 3A 00 00 02 16 0E 3A 00 00 02 16 0E 3A 00 00 02 16 0E 3A 00 00 02
16 0E 3A 00 00 3D 16 0E FF 00 00 00 00 00 00 00 00 00 00 00 00 00 00 00 00 00 00 00 00 00 00 00
00 00 00 00 00 00 00 00 00 00 00 00 00 00 00 00 00 00 00 00 00 00 00 00 00 00 00 00 00 00 00 00
00 00 00 00 00 00 00 00 00 00 1B 07 00 00 00 00 00 00 00 00 00 00 00 00 00 00 00 00 00 00 00 00
1E 0C 00 62 51 04 01 00 12 1E 01 00 78 20 02 00 00 00 00 00 00 00 00 00 00 06 02 00 02 12 1F 01
00 E1 02 04 4D 61 69 6E 00 00 00 00 00 00 00 00 00 00 00 00 00 00 00 00 00 00 00 00 00 00 00 00
00 00 00 00 00 00 06 0E 00 90 00 00 AF 4C 04 0F 02 12 B4 00 00 55 3D 16 0E 3A 00 00 02 16 0E 3A
00 00 02 16 0E 3A 00 00 02 16 0E 3A 00 00 02 16 0E 3A 00 00 02 16 0E 3A 00 00 02 16 0E 3A 00 00
02 16 0E 18 00 00 01 0A 0F 21 00 00 02 16 0E 1C 00 00 01 24 0E 1D 00 00 02 16 0E 3A 00 00 02 16
0E 19 00 00 01 24 0E 02 00 00 01 04 00 02 00 00 01 24 0E 1A 00 00 02 16 0E 3A 00 00 02 16 0E 1C
00 00 01 24 0E 1D 00 00 02 16 0E 3A 00 00 02 16 0E 3A 00 00 02 16 0E 3A 00 00 02 16 0E 3A 00 00
02 16 0E 3A 00 00 02 16 0E 3A 00 00 02 16 0E 3A 00 00 02 16 0E 3A 00 00 02 16 0E 3A 00 00 02 16
0E 3A 00 00 3D 16 0E FF 00 00 00 00 00 00 00 00 00 00 00 00 00 00 00 00 00 00 00 00 00 00 00 00
00 00 00 00 00 00 00 00 00 00 00 00 00 00 00 00 00 00 00 00 00 00 00 00 00 00 00 00 00 00 00 00
00 00 00 00 00 00 00 00 00 1B 07 00 00 00 00 00 00 00 00 00 00 00 00 00 00 00 00 00 00 06 00 1E
0C 00 62 51 04 01 00 12 1E 01 00 78 20 02 00 00 00 00 00 00 00 00 00 00 06 02 00 02 12 1F 01 00
1B 0C 00 00 00 00 03 00 03 00 00 FF FF FF FF 00 00 0B 00 6D 32 00 00 47 00 00 00 00 00 00 00 00
00 40 67 61 72 62 61 67 65 5F 6D 61 6E 0D 23 65 6E 64 0D 0D 3A 74 6F 75 63 68 0D 44 6F 20 79 6F
75 20 68 61 76 65 20 73 6F 6D 65 20 74 72 61 73 68 3F 20 20 49 20 63 61 6E 20 74 61 6B 65 20 69
74 2E 0D 23 65 6E 64 0D 1E 0A 00 00 00 00 03 00 04 00 00 FF FF FF FF 00 00 02 00 72 32 00 00 0F
00 00 00 00 00 00 00 00 00 40 79 61 72 64 5F 6D 61 6E 0D 23 65 6E 64 0D 21 0C 00 00 00 00 03 00
05 00 00 FF FF FF FF 00 00 01 00 73 32 00 00 0F 00 00 00 00 00 00 00 00 00 40 63 61 72 5F 77 61
73 68 0D 23 65 6E 64 0D 1E 0E 00 00 00 00 03 00 06 00 00 FF FF FF FF 00 00 00 00 74 32 00 00 3A
00 00 00 00 00 00 00 00 00 40 68 6F 75 73 65 5F 63 6C 65 61 6E 65 72 0D 23 65 6E 64 0D 0D 3A 74
6F 75 63 68 0D 57 68 61 74 20 64 6F 20 79 6F 75 20 77 61 6E 74 20 63 6C 65 61 6E 65 64 3F 0D 23
65 6E 64 1A 09 00 00 00 00 01 00 00 00 00 FF FF FF FF 00 00 09 00 77 32 00 00 0C 00 00 00 00 00
00 00 00 00 47 6F 6F 64 20 73 74 75 66 66 21 0D 28 0F 00 00 00 00 01 00 00 00 00 00 00 00 00 00
00 00 00 00 00 00 00 13 00 00 00 00 00 00 00 00 00 47 72 65 65 74 69 6E 67 73 2C 20 70 72 6F 67
72 61 6D 21